ans =

   28    1

ans =

   28    1

ans =

   28    1

ans =

   28    1

ans =

   28    1

ans =

   28    1

ans =

   28    1

ans =

   28    1

ans =

   28    1

ans =

   28    1

ans =

   28    1

ans =

   28    1

ans =

   28    1

ans =

   28    1

ans =

   28    1

ans =

   28    1

ans =

   28    1

ans =

   28    1

ans =

   28    1

ans =

   28    1

ans =

   28    1

ans =

   28    1

ans =

   28    1

ans =

   28    1

ans =

   28    1

